Tempo|G (Constantes Padrão)|F (Constantes Padrão)|G (Simulação 2)|F (Simulação 2)|G (Simulação 3)|F (Simulação 3)
0.000000|0.030000|0.000000|0.030000|0.000000|0.030000|0.000000
0.100000|0.101531|0.010060|0.080514|0.007012|0.126811|0.013844
0.200000|0.289939|0.041414|0.197754|0.025033|0.400403|0.064641
0.300000|0.584994|0.115897|0.405478|0.065395|0.733270|0.183084
0.400000|0.806281|0.237080|0.642629|0.137436|0.881897|0.352882
0.500000|0.897447|0.384540|0.808132|0.237828|0.923982|0.539926
0.600000|0.926969|0.541251|0.888311|0.354751|0.935467|0.731239
0.700000|0.935938|0.700764|0.920666|0.478913|0.938584|0.923665
0.800000|0.938614|0.861109|0.932805|0.605861|0.939429|1.116390
0.900000|0.939408|1.021701|0.937237|0.733836|0.939657|1.309195
1.000000|0.939643|1.182366|0.938840|0.862183|0.939719|1.502022
