Tempo|G (Constantes Padrão)|F (Constantes Padrão)|G (Simulação 2)|F (Simulação 2)|G (Simulação 3)|F (Simulação 3)
0.000000|0.030000|0.000000|0.030000|0.000000|0.030000|0.000000
0.005000|0.031962|0.000265|0.031490|0.000154|0.030736|0.000076
0.010000|0.034047|0.000547|0.033051|0.000315|0.031490|0.000154
0.015000|0.036263|0.000847|0.034687|0.000484|0.032261|0.000233
0.020000|0.038617|0.001167|0.036400|0.000662|0.033051|0.000315
0.025000|0.041116|0.001508|0.038195|0.000848|0.033859|0.000399
0.030000|0.043770|0.001871|0.040075|0.001044|0.034687|0.000484
0.035000|0.046586|0.002257|0.042043|0.001249|0.035534|0.000572
0.040000|0.049573|0.002668|0.044104|0.001465|0.036400|0.000662
0.045000|0.052740|0.003105|0.046261|0.001691|0.037287|0.000754
0.050000|0.056097|0.003570|0.048517|0.001927|0.038195|0.000848
0.055000|0.059654|0.004065|0.050878|0.002176|0.039124|0.000945
0.060000|0.063419|0.004591|0.053348|0.002436|0.040075|0.001044
0.065000|0.067405|0.005150|0.055930|0.002710|0.041048|0.001146
0.070000|0.071620|0.005744|0.058630|0.002996|0.042043|0.001249
0.075000|0.076075|0.006376|0.061451|0.003296|0.043062|0.001356
0.080000|0.080782|0.007046|0.064399|0.003611|0.044104|0.001465
0.085000|0.085752|0.007758|0.067478|0.003940|0.045170|0.001576
0.090000|0.090994|0.008513|0.070693|0.004286|0.046261|0.001691
0.095000|0.096521|0.009315|0.074049|0.004647|0.047376|0.001808
0.100000|0.102344|0.010164|0.077551|0.005026|0.048517|0.001927
0.105000|0.108472|0.011065|0.081204|0.005423|0.049685|0.002050
0.110000|0.114917|0.012020|0.085014|0.005839|0.050878|0.002176
0.115000|0.121688|0.013031|0.088984|0.006274|0.052099|0.002305
0.120000|0.128797|0.014102|0.093122|0.006729|0.053348|0.002436
0.125000|0.136251|0.015235|0.097431|0.007205|0.054625|0.002571
0.130000|0.144061|0.016433|0.101917|0.007703|0.055930|0.002710
0.135000|0.152233|0.017699|0.106586|0.008225|0.057265|0.002851
0.140000|0.160775|0.019037|0.111442|0.008770|0.058630|0.002996
0.145000|0.169693|0.020450|0.116490|0.009339|0.060025|0.003144
0.150000|0.178992|0.021940|0.121735|0.009935|0.061451|0.003296
0.155000|0.188676|0.023512|0.127183|0.010557|0.062909|0.003452
0.160000|0.198747|0.025168|0.132838|0.011207|0.064399|0.003611
0.165000|0.209205|0.026911|0.138704|0.011886|0.065921|0.003774
0.170000|0.220051|0.028746|0.144786|0.012594|0.067478|0.003940
0.175000|0.231281|0.030675|0.151087|0.013334|0.069068|0.004111
0.180000|0.242890|0.032702|0.157613|0.014106|0.070693|0.004286
0.185000|0.254873|0.034830|0.164365|0.014910|0.072353|0.004464
0.190000|0.267220|0.037061|0.171349|0.015750|0.074049|0.004647
0.195000|0.279920|0.039400|0.178565|0.016624|0.075781|0.004835
0.200000|0.292962|0.041849|0.186017|0.017536|0.077551|0.005026
0.205000|0.306329|0.044411|0.193707|0.018485|0.079358|0.005223
0.210000|0.320004|0.047088|0.201636|0.019473|0.081204|0.005423
0.215000|0.333968|0.049884|0.209805|0.020502|0.083089|0.005629
0.220000|0.348198|0.052800|0.218215|0.021572|0.085014|0.005839
0.225000|0.362672|0.055838|0.226865|0.022684|0.086978|0.006054
0.230000|0.377364|0.059002|0.235754|0.023841|0.088984|0.006274
0.235000|0.392246|0.062292|0.244882|0.025042|0.091032|0.006499
0.240000|0.407291|0.065710|0.254245|0.026290|0.093122|0.006729
0.245000|0.422467|0.069257|0.263841|0.027585|0.095255|0.006964
0.250000|0.437743|0.072934|0.273667|0.028929|0.097431|0.007205
0.255000|0.453089|0.076743|0.283717|0.030322|0.099652|0.007451
0.260000|0.468470|0.080682|0.293987|0.031766|0.101917|0.007703
0.265000|0.483854|0.084753|0.304471|0.033262|0.104229|0.007961
0.270000|0.499208|0.088956|0.315161|0.034811|0.106586|0.008225
0.275000|0.514500|0.093290|0.326051|0.036414|0.108990|0.008494
0.280000|0.529696|0.097754|0.337133|0.038072|0.111442|0.008770
0.285000|0.544767|0.102347|0.348396|0.039786|0.113941|0.009051
0.290000|0.559681|0.107069|0.359831|0.041556|0.116490|0.009339
0.295000|0.574410|0.111917|0.371427|0.043384|0.119088|0.009634
0.300000|0.588925|0.116891|0.383174|0.045271|0.121735|0.009935
0.305000|0.603202|0.121987|0.395058|0.047216|0.124434|0.010243
0.310000|0.617216|0.127205|0.407068|0.049222|0.127183|0.010557
0.315000|0.630945|0.132541|0.419190|0.051287|0.129984|0.010878
0.320000|0.644370|0.137993|0.431410|0.053414|0.132838|0.011207
0.325000|0.657471|0.143559|0.443715|0.055602|0.135744|0.011543
0.330000|0.670235|0.149235|0.456089|0.057851|0.138704|0.011886
0.335000|0.682648|0.155019|0.468517|0.060162|0.141717|0.012236
0.340000|0.694697|0.160907|0.480984|0.062536|0.144786|0.012594
0.345000|0.706375|0.166897|0.493476|0.064972|0.147909|0.012960
0.350000|0.717675|0.172985|0.505975|0.067471|0.151087|0.013334
0.355000|0.728590|0.179168|0.518467|0.070032|0.154322|0.013716
0.360000|0.739120|0.185443|0.530936|0.072656|0.157613|0.014106
0.365000|0.749261|0.191806|0.543366|0.075341|0.160961|0.014504
0.370000|0.759015|0.198254|0.555743|0.078089|0.164366|0.014910
0.375000|0.768384|0.204784|0.568050|0.080899|0.167828|0.015326
0.380000|0.777371|0.211392|0.580275|0.083770|0.171349|0.015750
0.385000|0.785981|0.218076|0.592401|0.086701|0.174928|0.016182
0.390000|0.794220|0.224831|0.604416|0.089693|0.178565|0.016624
0.395000|0.802095|0.231656|0.616307|0.092745|0.182262|0.017075
0.400000|0.809613|0.238546|0.628060|0.095856|0.186017|0.017536
0.405000|0.816784|0.245499|0.639663|0.099026|0.189833|0.018006
0.410000|0.823617|0.252512|0.651105|0.102253|0.193707|0.018485
0.415000|0.830120|0.259582|0.662376|0.105536|0.197642|0.018974
0.420000|0.836305|0.266706|0.673466|0.108876|0.201636|0.019473
0.425000|0.842182|0.273882|0.684364|0.112271|0.205691|0.019982
0.430000|0.847762|0.281107|0.695064|0.115719|0.209805|0.020502
0.435000|0.853056|0.288378|0.705557|0.119221|0.213980|0.021031
0.440000|0.858074|0.295693|0.715836|0.122775|0.218215|0.021572
0.445000|0.862828|0.303050|0.725896|0.126379|0.222510|0.022123
0.450000|0.867329|0.310447|0.735732|0.130033|0.226865|0.022684
0.455000|0.871587|0.317881|0.745338|0.133736|0.231280|0.023257
0.460000|0.875613|0.325351|0.754712|0.137486|0.235754|0.023841
0.465000|0.879418|0.332853|0.763849|0.141283|0.240288|0.024436
0.470000|0.883012|0.340388|0.772749|0.145124|0.244882|0.025042
0.475000|0.886404|0.347952|0.781410|0.149010|0.249534|0.025660
0.480000|0.889606|0.355545|0.789830|0.152938|0.254245|0.026290
0.485000|0.892625|0.363164|0.798010|0.156908|0.259014|0.026931
0.490000|0.895471|0.370808|0.805949|0.160918|0.263841|0.027585
0.495000|0.898154|0.378476|0.813650|0.164967|0.268725|0.028251
0.500000|0.900681|0.386166|0.821112|0.169054|0.273667|0.028929
0.505000|0.903061|0.393877|0.828339|0.173177|0.278664|0.029619
0.510000|0.905301|0.401608|0.835332|0.177337|0.283717|0.030322
0.515000|0.907410|0.409358|0.842095|0.181530|0.288825|0.031038
0.520000|0.909393|0.417125|0.848631|0.185757|0.293987|0.031766
0.525000|0.911259|0.424908|0.854942|0.190016|0.299202|0.032508
0.530000|0.913014|0.432707|0.861034|0.194306|0.304471|0.033262
0.535000|0.914663|0.440520|0.866909|0.198626|0.309791|0.034030
0.540000|0.916213|0.448347|0.872573|0.202975|0.315161|0.034811
0.545000|0.917670|0.456187|0.878030|0.207352|0.320582|0.035606
0.550000|0.919038|0.464039|0.883284|0.211755|0.326051|0.036414
0.555000|0.920324|0.471903|0.888341|0.216184|0.331569|0.037236
0.560000|0.921531|0.479777|0.893205|0.220638|0.337133|0.038072
0.565000|0.922665|0.487660|0.897881|0.225116|0.342742|0.038922
0.570000|0.923729|0.495554|0.902375|0.229617|0.348396|0.039786
0.575000|0.924728|0.503456|0.906692|0.234139|0.354092|0.040664
0.580000|0.925666|0.511367|0.910837|0.238683|0.359831|0.041556
0.585000|0.926546|0.519285|0.914815|0.243248|0.365610|0.042463
0.590000|0.927371|0.527210|0.918632|0.247831|0.371427|0.043384
0.595000|0.928146|0.535143|0.922292|0.252434|0.377283|0.044320
0.600000|0.928873|0.543081|0.925800|0.257054|0.383174|0.045271
0.605000|0.929554|0.551026|0.929163|0.261691|0.389100|0.046236
0.610000|0.930194|0.558977|0.932384|0.266345|0.395058|0.047216
0.615000|0.930793|0.566932|0.935469|0.271015|0.401048|0.048212
0.620000|0.931355|0.574893|0.938422|0.275700|0.407068|0.049222
0.625000|0.931883|0.582859|0.941249|0.280399|0.413116|0.050247
0.630000|0.932377|0.590828|0.943954|0.285112|0.419190|0.051287
0.635000|0.932841|0.598802|0.946541|0.289838|0.425289|0.052343
0.640000|0.933275|0.606780|0.949015|0.294577|0.431410|0.053414
0.645000|0.933682|0.614761|0.951381|0.299328|0.437553|0.054500
0.650000|0.934064|0.622746|0.953642|0.304091|0.443715|0.055602
0.655000|0.934422|0.630733|0.955803|0.308865|0.449894|0.056719
0.660000|0.934758|0.638724|0.957868|0.313649|0.456089|0.057851
0.665000|0.935072|0.646718|0.959840|0.318443|0.462297|0.058999
0.670000|0.935367|0.654714|0.961724|0.323247|0.468517|0.060162
0.675000|0.935643|0.662712|0.963523|0.328060|0.474747|0.061342
0.680000|0.935902|0.670713|0.965240|0.332882|0.480985|0.062536
0.685000|0.936144|0.678716|0.966879|0.337712|0.487228|0.063746
0.690000|0.936372|0.686721|0.968443|0.342551|0.493476|0.064972
0.695000|0.936584|0.694728|0.969936|0.347397|0.499725|0.066214
0.700000|0.936784|0.702737|0.971360|0.352250|0.505975|0.067471
0.705000|0.936971|0.710747|0.972719|0.357110|0.512223|0.068744
0.710000|0.937146|0.718759|0.974015|0.361977|0.518467|0.070032
0.715000|0.937310|0.726772|0.975251|0.366850|0.524705|0.071336
0.720000|0.937464|0.734787|0.976429|0.371729|0.530936|0.072656
0.725000|0.937608|0.742803|0.977553|0.376614|0.537157|0.073991
0.730000|0.937743|0.750820|0.978624|0.381505|0.543366|0.075341
0.735000|0.937870|0.758838|0.979646|0.386401|0.549562|0.076708
0.740000|0.937988|0.766858|0.980619|0.391301|0.555743|0.078089
0.745000|0.938099|0.774878|0.981547|0.396207|0.561906|0.079486
0.750000|0.938203|0.782899|0.982431|0.401117|0.568050|0.080899
0.755000|0.938300|0.790921|0.983274|0.406031|0.574174|0.082327
0.760000|0.938392|0.798944|0.984076|0.410949|0.580275|0.083770
0.765000|0.938477|0.806968|0.984841|0.415872|0.586351|0.085228
0.770000|0.938557|0.814992|0.985570|0.420798|0.592401|0.086701
0.775000|0.938632|0.823017|0.986264|0.425727|0.598424|0.088190
0.780000|0.938703|0.831043|0.986925|0.430660|0.604416|0.089693
0.785000|0.938768|0.839069|0.987555|0.435597|0.610378|0.091212
0.790000|0.938830|0.847096|0.988155|0.440536|0.616307|0.092745
0.795000|0.938888|0.855123|0.988726|0.445478|0.622201|0.094293
0.800000|0.938942|0.863151|0.989270|0.450423|0.628060|0.095856
0.805000|0.938993|0.871179|0.989788|0.455371|0.633881|0.097434
0.810000|0.939040|0.879207|0.990281|0.460321|0.639663|0.099026
0.815000|0.939084|0.887236|0.990751|0.465273|0.645405|0.100632
0.820000|0.939126|0.895266|0.991198|0.470228|0.651105|0.102253
0.825000|0.939165|0.903295|0.991623|0.475185|0.656763|0.103887
0.830000|0.939202|0.911325|0.992029|0.480145|0.662376|0.105536
0.835000|0.939236|0.919356|0.992414|0.485106|0.667944|0.107199
0.840000|0.939268|0.927386|0.992782|0.490069|0.673466|0.108876
0.845000|0.939298|0.935417|0.993131|0.495033|0.678939|0.110567
0.850000|0.939326|0.943448|0.993464|0.500000|0.684364|0.112271
0.855000|0.939352|0.951480|0.993781|0.504968|0.689739|0.113988
0.860000|0.939377|0.959511|0.994082|0.509938|0.695064|0.115719
0.865000|0.939400|0.967543|0.994369|0.514909|0.700337|0.117464
0.870000|0.939422|0.975575|0.994643|0.519881|0.705557|0.119221
0.875000|0.939442|0.983607|0.994903|0.524855|0.710724|0.120991
0.880000|0.939461|0.991639|0.995150|0.529830|0.715836|0.122775
0.885000|0.939479|0.999672|0.995385|0.534807|0.720894|0.124571
0.890000|0.939496|1.007704|0.995609|0.539784|0.725896|0.126379
0.895000|0.939511|1.015737|0.995823|0.544763|0.730843|0.128200
0.900000|0.939526|1.023770|0.996026|0.549742|0.735732|0.130033
0.905000|0.939539|1.031803|0.996219|0.554723|0.740564|0.131879
0.910000|0.939552|1.039836|0.996402|0.559705|0.745338|0.133736
0.915000|0.939564|1.047869|0.996577|0.564687|0.750054|0.135605
0.920000|0.939576|1.055903|0.996744|0.569670|0.754712|0.137486
0.925000|0.939586|1.063936|0.996902|0.574654|0.759310|0.139379
0.930000|0.939596|1.071970|0.997053|0.579639|0.763849|0.141283
0.935000|0.939605|1.080003|0.997196|0.584625|0.768329|0.143198
0.940000|0.939614|1.088037|0.997332|0.589611|0.772749|0.145124
0.945000|0.939622|1.096071|0.997462|0.594598|0.777110|0.147062
0.950000|0.939630|1.104104|0.997586|0.599586|0.781410|0.149010
0.955000|0.939637|1.112138|0.997703|0.604574|0.785650|0.150969
0.960000|0.939643|1.120172|0.997815|0.609563|0.789830|0.152938
0.965000|0.939650|1.128206|0.997921|0.614552|0.793950|0.154918
0.970000|0.939655|1.136240|0.998022|0.619542|0.798010|0.156908
0.975000|0.939661|1.144274|0.998119|0.624533|0.802009|0.158908
0.980000|0.939666|1.152308|0.998210|0.629523|0.805949|0.160918
0.985000|0.939671|1.160343|0.998297|0.634515|0.809829|0.162937
0.990000|0.939675|1.168377|0.998380|0.639506|0.813650|0.164967
0.995000|0.939680|1.176411|0.998459|0.644498|0.817411|0.167006
1.000000|0.939683|1.184445|0.998534|0.649491|0.821112|0.169054
