Tempo,Concentração de G,Concentração de F
0.0,0.03,0.0
0.01,0.03407748017909361,0.0005471471373119152
0.02,0.038685754940844745,0.0011684723331929292
0.03,0.043887219486964515,0.0018735779242005303
0.04,0.04974970465288789,0.002673179673583825
0.05,0.05634640205288286,0.003579199319313978
0.060000000000000005,0.06375559762874873,0.00460485427511579
0.07,0.07206016043345728,0.005764740762618647
0.08,0.08134672793893218,0.007074905693622742
0.09,0.09170452606863956,0.008552901586559329
0.09999999999999999,0.10322376311026166,0.010217817745536055
0.10999999999999999,0.11599354359181552,0.01209027993911828
0.11999999999999998,0.13009926325675764,0.01419241000957172
0.12999999999999998,0.14561947157028346,0.016547736379033007
0.13999999999999999,0.16262222540753893,0.019181046487519258
0.15,0.18116100736455323,0.02211817301021382
0.16,0.20127034339786354,0.025385707466706587
0.17,0.22296132365329488,0.029010637722412108
0.18000000000000002,0.2462173007444491,0.03301990997491682
0.19000000000000003,0.2709901015694606,0.03743992105713745
0.20000000000000004,0.297197129662753,0.042295953025415
0.21000000000000005,0.3247197418234727,0.04761156856264775
0.22000000000000006,0.35340324383912397,0.053407992026966486
0.23000000000000007,0.38305875904918685,0.05970350616936122
0.24000000000000007,0.41346708197982224,0.0665128977384429
0.25000000000000006,0.44438444922908865,0.07384698561146334
0.26000000000000006,0.47554996306920666,0.0817122622531924
0.2700000000000001,0.506694218702669,0.0901106731635555
0.2800000000000001,0.5375485440607185,0.09903955000114337
0.2900000000000001,0.5678541864609842,0.10849170221523768
0.3000000000000001,0.5973707869687652,0.1184556605735854
0.3100000000000001,0.6258835697283446,0.12891605533505363
0.3200000000000001,0.6532088241229081,0.13985410323578717
0.3300000000000001,0.6791974461119868,0.15124817181806852
0.34000000000000014,0.7037365009775138,0.16307438732109333
0.35000000000000014,0.7267489449223753,0.1753072532511385
0.36000000000000015,0.7481917770725897,0.18792025031363913
0.37000000000000016,0.7680529761873864,0.2008863938160613
0.38000000000000017,0.7863476075324861,0.2141787310449142
0.3900000000000002,0.8031134724167036,0.22777076765568002
0.4000000000000002,0.8184066278165089,0.2416368181351089
0.4100000000000002,0.8322970395711259,0.2557522804654593
0.4200000000000002,0.844864561853855,0.2700938390231209
0.4300000000000002,0.8561953673524826,0.28463960244698605
0.4400000000000002,0.8663788929633549,0.2993691848147823
0.45000000000000023,0.8755053179695406,0.3142637391469752
0.46000000000000024,0.8836635564051966,0.3293059522289342
0.47000000000000025,0.8909397217495305,0.3444800092121785
0.48000000000000026,0.8974160084631636,0.3597715356105724
0.49000000000000027,0.9031699290291627,0.37516752329894204
0.5000000000000002,0.9082738449616927,0.39065624606434884
0.5100000000000002,0.9127947338150987,0.40622716923428825
0.5200000000000002,0.9167941400338472,0.4218708569622053
0.5300000000000002,0.9203282643673893,0.4375788799167615
0.5400000000000003,0.9234481537102155,0.4533437254081599
0.5500000000000003,0.9261999600753379,0.4691587113918732
0.5600000000000003,0.9286252436485031,0.48501790530938405
0.5700000000000003,0.9307613003413114,0.5009160483450701
0.5800000000000003,0.932641498916068,0.5168484853844727
0.5900000000000003,0.9342956166171416,0.5328111007380433
0.6000000000000003,0.935750165378287,0.5488002595330259
0.6100000000000003,0.9370287031690092,0.5648127545626922
0.6200000000000003,0.9381521269885578,0.5808457583065224
0.6300000000000003,0.9391389455042636,0.5968967797885388
0.6400000000000003,0.9400055304451167,0.6129636259167461
0.6500000000000004,0.940766346675405,0.6290443669387707
0.6600000000000004,0.9414341614499684,0.6451373056527336
0.6700000000000004,0.9420202337449561,0.6612409500245554
0.6800000000000004,0.9425344848091936,0.6773539888804972
0.6900000000000004,0.9429856512263122,0.693475270364696
0.7000000000000004,0.9433814218444734,0.7096037828741775
0.7100000000000004,0.9437285599406177,0.7257386382071865
0.7200000000000004,0.9440330119566076,0.7418790566838447
0.7300000000000004,0.9443000040883122,0.7580243540205593
0.7400000000000004,0.9445341279353612,0.7741739297609107
0.7500000000000004,0.9447394163362114,0.7903272570856907
0.7600000000000005,0.9449194104256079,0.8064838738432573
0.7700000000000005,0.9450772188632686,0.8226433746583427
0.7800000000000005,0.9452155700962936,0.838805403992941
0.7900000000000005,0.9453368584351601,0.8549696500469323
0.8000000000000005,0.9454431846453041,0.8711358393987659
0.8100000000000005,0.9455363916838543,0.8873037322979017
0.8200000000000005,0.9456180961443292,0.9034731185308937
0.8300000000000005,0.9456897159110856,0.9196438137920967
0.8400000000000005,0.9457524944698746,0.9358156564980733
0.8500000000000005,0.9458075222707705,0.9519885049919773
0.8600000000000005,0.9458557554946739,0.9681622350905719
0.8700000000000006,0.9458980325342021,0.9843367379321967
0.8800000000000006,0.9459350884636821,1.0005119180889963
0.8900000000000006,0.9459675677408023,1.0166876919111418
0.9000000000000006,0.9459960353538726,1.0328639860746733
0.9100000000000006,0.9460209866032621,1.049040736308031
0.9200000000000006,0.9460428556830925,1.0652178862753683
0.9300000000000006,0.9460620232093673,1.0813953865974089
0.9400000000000006,0.946078822823131,1.0975731939929536
0.9500000000000006,0.9460935469817358,1.1137512705262096
0.9600000000000006,0.9461064520375967,1.1299295829469236
0.9700000000000006,0.9461177626917616,1.146108102111901
0.9800000000000006,0.946127675898991,1.1622868024778894
0.9900000000000007,0.9461363642917007,1.1784656616570335
1.0000000000000007,0.9461439791818917,1.1946446600271938
