Tempo|G (Constantes Padrão)|F (Constantes Padrão)|G (Simulação 2)|F (Simulação 2)|G (Simulação 3)|F (Simulação 3)
0.000000|0.030000|0.000000|0.030000|0.000000|0.030000|0.000000
0.010000|0.034047|0.000547|0.033557|0.004127|0.033897|0.016596
0.020000|0.038617|0.001167|0.037502|0.008742|0.038212|0.035325
0.030000|0.043770|0.001871|0.041866|0.013896|0.042968|0.056413
0.040000|0.049573|0.002668|0.046685|0.019647|0.048180|0.080091
0.050000|0.056097|0.003570|0.051992|0.026055|0.053860|0.106601
0.060000|0.063419|0.004591|0.057822|0.033187|0.060011|0.136187
0.070000|0.071620|0.005744|0.064208|0.041113|0.066626|0.169093
0.080000|0.080782|0.007046|0.071181|0.049907|0.073687|0.205556
0.090000|0.090994|0.008513|0.078767|0.059647|0.081165|0.245800
0.100000|0.102343|0.010164|0.086989|0.070414|0.089019|0.290033
0.110000|0.114917|0.012020|0.095865|0.082292|0.097196|0.338436
0.120000|0.128797|0.014102|0.105404|0.095367|0.105630|0.391161
0.130000|0.144060|0.016433|0.115606|0.109726|0.114250|0.448324
0.140000|0.160775|0.019037|0.126462|0.125453|0.122973|0.509999
0.150000|0.178992|0.021940|0.137951|0.142633|0.131717|0.576219
0.160000|0.198746|0.025167|0.150042|0.161347|0.140394|0.646973
0.170000|0.220050|0.028746|0.162688|0.181668|0.148924|0.722204
0.180000|0.242890|0.032702|0.175832|0.203667|0.157229|0.801815
0.190000|0.267219|0.037061|0.189404|0.227403|0.165240|0.885671
0.200000|0.292961|0.041849|0.203323|0.252927|0.172898|0.973603
0.210000|0.320003|0.047088|0.217500|0.280278|0.180156|1.065415
0.220000|0.348197|0.052800|0.231837|0.309484|0.186981|1.160890
0.230000|0.377363|0.059002|0.246232|0.340559|0.193348|1.259796
0.240000|0.407290|0.065710|0.260583|0.373503|0.199247|1.361891
0.250000|0.437743|0.072934|0.274787|0.408304|0.204675|1.466931
0.260000|0.468469|0.080682|0.288746|0.444937|0.209640|1.574673
0.270000|0.499207|0.088956|0.302370|0.483363|0.214157|1.684880
0.280000|0.529696|0.097754|0.315576|0.523535|0.218245|1.797322
0.290000|0.559680|0.107069|0.328292|0.565392|0.221928|1.911784
0.300000|0.588925|0.116890|0.340460|0.608867|0.225232|2.028061
0.310000|0.617215|0.127204|0.352033|0.653886|0.228185|2.145964
0.320000|0.644369|0.137993|0.362975|0.700368|0.230816|2.265318
0.330000|0.670235|0.149234|0.373266|0.748231|0.233154|2.385963
0.340000|0.694697|0.160907|0.382893|0.797388|0.235224|2.507752
0.350000|0.717674|0.172985|0.391858|0.847754|0.237055|2.630554
0.360000|0.739119|0.185442|0.400167|0.899243|0.238669|2.754251
0.370000|0.759015|0.198254|0.407837|0.951770|0.240091|2.878737
0.380000|0.777371|0.211392|0.414891|1.005254|0.241341|3.003916
0.390000|0.794220|0.224831|0.421354|1.059616|0.242438|3.129705
0.400000|0.809613|0.238546|0.427257|1.114782|0.243400|3.256028
0.410000|0.823616|0.252512|0.432632|1.170680|0.244242|3.382820
0.420000|0.836305|0.266706|0.437515|1.227245|0.244979|3.510021
0.430000|0.847762|0.281107|0.441938|1.284414|0.245624|3.637582
0.440000|0.858074|0.295693|0.445936|1.342130|0.246187|3.765456
0.450000|0.867329|0.310447|0.449544|1.400340|0.246678|3.893604
0.460000|0.875613|0.325350|0.452793|1.458996|0.247107|4.021990
0.470000|0.883012|0.340388|0.455714|1.518052|0.247481|4.150585
0.480000|0.889605|0.355545|0.458336|1.577469|0.247807|4.279362
0.490000|0.895471|0.370808|0.460687|1.637208|0.248092|4.408298
0.500000|0.900681|0.386166|0.462793|1.697237|0.248339|4.537371
0.510000|0.905301|0.401608|0.464676|1.757524|0.248555|4.666565
0.520000|0.909393|0.417124|0.466360|1.818044|0.248743|4.795864
0.530000|0.913013|0.432706|0.467863|1.878770|0.248906|4.925254
0.540000|0.916213|0.448347|0.469205|1.939681|0.249049|5.054723
0.550000|0.919038|0.464039|0.470401|2.000757|0.249173|5.184261
0.560000|0.921531|0.479776|0.471467|2.061980|0.249280|5.313859
0.570000|0.923729|0.495554|0.472417|2.123334|0.249374|5.443510
0.580000|0.925666|0.511366|0.473262|2.184804|0.249456|5.573206
0.590000|0.927371|0.527210|0.474015|2.246378|0.249527|5.702942
0.600000|0.928872|0.543081|0.474684|2.308044|0.249588|5.832712
0.610000|0.930193|0.558976|0.475279|2.369792|0.249642|5.962513
0.620000|0.931355|0.574893|0.475808|2.431614|0.249689|6.092339
0.630000|0.932377|0.590828|0.476279|2.493500|0.249729|6.222188
0.640000|0.933275|0.606779|0.476697|2.555444|0.249765|6.352057
0.650000|0.934064|0.622745|0.477068|2.617439|0.249795|6.481943
0.660000|0.934758|0.638724|0.477398|2.679480|0.249822|6.611843
0.670000|0.935367|0.654714|0.477691|2.741561|0.249845|6.741757
0.680000|0.935902|0.670713|0.477951|2.803678|0.249866|6.871682
0.690000|0.936371|0.686721|0.478181|2.865827|0.249883|7.001617
0.700000|0.936784|0.702737|0.478386|2.928004|0.249898|7.131560
0.710000|0.937146|0.718759|0.478568|2.990206|0.249912|7.261511
0.720000|0.937464|0.734787|0.478730|3.052431|0.249923|7.391468
0.730000|0.937743|0.750820|0.478873|3.114675|0.249933|7.521431
0.740000|0.937988|0.766857|0.479000|3.176937|0.249942|7.651398
0.750000|0.938203|0.782899|0.479113|3.239215|0.249950|7.781370
0.760000|0.938392|0.798944|0.479213|3.301506|0.249956|7.911345
0.770000|0.938557|0.814992|0.479302|3.363810|0.249962|8.041324
0.780000|0.938703|0.831042|0.479381|3.426124|0.249967|8.171306
0.790000|0.938830|0.847095|0.479451|3.488448|0.249971|8.301290
0.800000|0.938942|0.863150|0.479513|3.550781|0.249975|8.431276
0.810000|0.939040|0.879207|0.479568|3.613121|0.249978|8.561263
0.820000|0.939126|0.895265|0.479617|3.675468|0.249981|8.691253
0.830000|0.939202|0.911325|0.479660|3.737822|0.249984|8.821244
0.840000|0.939268|0.927386|0.479698|3.800180|0.249986|8.951236
0.850000|0.939326|0.943448|0.479733|3.862543|0.249988|9.081229
0.860000|0.939377|0.959511|0.479763|3.924910|0.249989|9.211223
0.870000|0.939422|0.975575|0.479790|3.987281|0.249991|9.341217
0.880000|0.939461|0.991639|0.479813|4.049655|0.249992|9.471213
0.890000|0.939496|1.007704|0.479834|4.112032|0.249993|9.601209
0.900000|0.939526|1.023770|0.479853|4.174412|0.249994|9.731205
0.910000|0.939552|1.039836|0.479870|4.236794|0.249995|9.861202
0.920000|0.939576|1.055902|0.479884|4.299178|0.249995|9.991200
0.930000|0.939596|1.071969|0.479898|4.361564|0.249996|10.121198
0.940000|0.939614|1.088037|0.479909|4.423952|0.249996|10.251196
0.950000|0.939630|1.104104|0.479919|4.486340|0.249997|10.381194
0.960000|0.939643|1.120172|0.479929|4.548731|0.249997|10.511192
0.970000|0.939655|1.136240|0.479937|4.611122|0.249998|10.641191
0.980000|0.939666|1.152308|0.479944|4.673514|0.249998|10.771190
0.990000|0.939675|1.168376|0.479950|4.735907|0.249998|10.901189
1.000000|0.939683|1.184445|0.479956|4.798301|0.249998|11.031188
