Tempo|G (Constantes Padrão)|F (Constantes Padrão)|G (Simulação 2)|F (Simulação 2)|G (Simulação 3)|F (Simulação 3)
0.000000|0.030000|0.000000|0.030000|0.000000|0.030000|0.000000
0.050000|0.056072|0.003567|0.048511|0.001927|0.038195|0.000848
0.100000|0.102262|0.010154|0.077531|0.005024|0.048517|0.001927
0.150000|0.178816|0.021916|0.121694|0.009931|0.061450|0.003296
0.200000|0.292676|0.041805|0.185946|0.017528|0.077549|0.005026
0.250000|0.437388|0.072864|0.273560|0.028916|0.097429|0.007205
0.300000|0.588576|0.116790|0.383039|0.045253|0.121732|0.009934
0.350000|0.717375|0.172858|0.505827|0.067446|0.151083|0.013334
0.400000|0.809359|0.238402|0.627917|0.095824|0.186012|0.017535
0.450000|0.867117|0.310291|0.735605|0.129994|0.226858|0.022683
0.500000|0.900516|0.386002|0.821003|0.169010|0.273659|0.028928
0.550000|0.918920|0.463868|0.883191|0.211708|0.326042|0.036413
0.600000|0.928792|0.542905|0.925723|0.257004|0.383164|0.045270
0.650000|0.934013|0.622565|0.953580|0.304039|0.443704|0.055600
0.700000|0.936752|0.702554|0.971312|0.352196|0.505964|0.067469
0.750000|0.938184|0.782714|0.982395|0.401062|0.568040|0.080897
0.800000|0.938930|0.862965|0.989244|0.450367|0.628049|0.095854
0.850000|0.939319|0.943262|0.993446|0.499943|0.684354|0.112268
0.900000|0.939522|1.023583|0.996013|0.549685|0.735723|0.130030
0.950000|0.939627|1.103917|0.997577|0.599528|0.781401|0.149007
1.000000|0.939682|1.184258|0.998528|0.649433|0.821105|0.169050
