Tempo;G;F
0.000000;0.030000;0.000000
0.050000;0.051648;0.180571
0.100000;0.080511;0.475921
0.150000;0.111446;0.908408
0.200000;0.137722;1.471771
0.250000;0.155980;2.135757
0.300000;0.166974;2.864827
0.350000;0.173036;3.631360
0.400000;0.176218;4.418025
0.450000;0.177845;5.215111
0.500000;0.178666;6.017488
0.550000;0.179077;6.822525
0.600000;0.179283;7.628894
0.650000;0.179385;8.435927
0.700000;0.179437;9.243290
0.750000;0.179462;10.050819
0.800000;0.179475;10.858430
0.850000;0.179481;11.666082
0.900000;0.179484;12.473754
0.950000;0.179486;13.281436
1.000000;0.179486;14.089123
