Tempo;G;F
0.000000;0.030000;0.000000
0.025000;0.039785;0.078114
0.050000;0.051659;0.180604
0.075000;0.065417;0.311999
0.100000;0.080531;0.476004
0.125000;0.096192;0.674801
0.150000;0.111468;0.908576
0.175000;0.125514;1.175478
0.200000;0.137746;1.472023
0.225000;0.147903;1.793776
0.250000;0.156010;2.136050
0.275000;0.162278;2.494445
0.300000;0.167006;2.865151
0.325000;0.170507;3.245058
0.350000;0.173064;3.631731
0.375000;0.174912;4.023320
0.400000;0.176239;4.418449
0.425000;0.177186;4.816112
0.450000;0.177859;5.215581
0.475000;0.178337;5.616332
0.500000;0.178675;6.017993
0.525000;0.178914;6.420296
0.550000;0.179083;6.823053
0.575000;0.179202;7.226132
0.600000;0.179286;7.629436
0.625000;0.179345;8.032901
0.650000;0.179387;8.436478
0.675000;0.179417;8.840134
0.700000;0.179438;9.243847
0.725000;0.179452;9.647599
0.750000;0.179463;10.051379
0.775000;0.179470;10.455178
0.800000;0.179475;10.858991
0.825000;0.179479;11.262814
0.850000;0.179481;11.666644
0.875000;0.179483;12.070478
0.900000;0.179484;12.474316
0.925000;0.179485;12.878157
0.950000;0.179486;13.281999
0.975000;0.179486;13.685842
1.000000;0.179486;14.089686
