Tempo|G (Constantes Padrão)|F (Constantes Padrão)|G (Simulação 2)|F (Simulação 2)|G (Simulação 3)|F (Simulação 3)
0.000000|0.030000|0.000000|0.030000|0.000000|0.030000|0.000000
0.080000|0.080514|0.007012|0.064102|0.003598|0.092193|0.008884
0.160000|0.197754|0.025033|0.131209|0.011123|0.248418|0.034493
0.240000|0.405478|0.065395|0.248009|0.025923|0.510248|0.094402
0.320000|0.642629|0.137436|0.413580|0.052145|0.748189|0.196478
0.400000|0.808132|0.237828|0.590917|0.092428|0.869699|0.327576
0.480000|0.888311|0.354751|0.731896|0.145694|0.915076|0.471196
0.560000|0.920666|0.478913|0.819734|0.208109|0.930273|0.619134
0.640000|0.932805|0.605861|0.866503|0.275789|0.935190|0.768475
0.720000|0.937237|0.733836|0.889363|0.346148|0.936764|0.918265
0.800000|0.938840|0.862183|0.900076|0.417786|0.937265|1.068198
0.880000|0.939417|0.990665|0.904997|0.490018|0.937425|1.218177
0.960000|0.939625|1.119194|0.907237|0.562520|0.937476|1.368170
