Tempo;G;F
0.000000;0.030000;0.000000
0.005000;0.031976;0.000265
0.010000;0.034077;0.000547
0.015000;0.036312;0.000848
0.020000;0.038686;0.001168
0.025000;0.041208;0.001510
0.030000;0.043887;0.001874
0.035000;0.046731;0.002261
0.040000;0.049750;0.002673
0.045000;0.052952;0.003112
0.050000;0.056346;0.003579
0.055000;0.059944;0.004076
0.060000;0.063756;0.004605
0.065000;0.067791;0.005167
0.070000;0.072060;0.005765
0.075000;0.076575;0.006400
0.080000;0.081347;0.007075
0.085000;0.086386;0.007792
0.090000;0.091705;0.008553
0.095000;0.097314;0.009361
0.100000;0.103224;0.010218
0.105000;0.109447;0.011127
0.110000;0.115994;0.012090
0.115000;0.122875;0.013111
0.120000;0.130100;0.014192
0.125000;0.137678;0.015337
0.130000;0.145620;0.016548
0.135000;0.153932;0.017828
0.140000;0.162623;0.019181
0.145000;0.171697;0.020610
0.150000;0.181161;0.022118
0.155000;0.191018;0.023709
0.160000;0.201271;0.025386
0.165000;0.211919;0.027152
0.170000;0.222962;0.029011
0.175000;0.234396;0.030966
0.180000;0.246218;0.033020
0.185000;0.258419;0.035177
0.190000;0.270991;0.037440
0.195000;0.283922;0.039812
0.200000;0.297198;0.042296
0.205000;0.310803;0.044895
0.210000;0.324720;0.047612
0.215000;0.338928;0.050449
0.220000;0.353404;0.053408
0.225000;0.368123;0.056492
0.230000;0.383059;0.059704
0.235000;0.398184;0.063043
0.240000;0.413468;0.066513
0.245000;0.428879;0.070114
0.250000;0.444385;0.073847
0.255000;0.459954;0.077713
0.260000;0.475551;0.081712
0.265000;0.491142;0.085845
0.270000;0.506695;0.090111
0.275000;0.522175;0.094509
0.280000;0.537549;0.099040
0.285000;0.552786;0.103701
0.290000;0.567855;0.108492
0.295000;0.582726;0.113411
0.300000;0.597372;0.118456
0.305000;0.611766;0.123625
0.310000;0.625884;0.128916
0.315000;0.639705;0.134327
0.320000;0.653210;0.139854
0.325000;0.666379;0.145496
0.330000;0.679198;0.151248
0.335000;0.691654;0.157109
0.340000;0.703737;0.163075
0.345000;0.715438;0.169142
0.350000;0.726750;0.175308
0.355000;0.737669;0.181568
0.360000;0.748192;0.187921
0.365000;0.758320;0.194361
0.370000;0.768054;0.200887
0.375000;0.777395;0.207494
0.380000;0.786348;0.214179
0.385000;0.794919;0.220939
0.390000;0.803114;0.227771
0.395000;0.810941;0.234671
0.400000;0.818407;0.241637
0.405000;0.825523;0.248665
0.410000;0.832297;0.255753
0.415000;0.838741;0.262897
0.420000;0.844865;0.270094
0.425000;0.850679;0.277343
0.430000;0.856196;0.284640
0.435000;0.861425;0.291983
0.440000;0.866379;0.299370
0.445000;0.871069;0.306797
0.450000;0.875506;0.314264
0.455000;0.879700;0.321768
0.460000;0.883664;0.329306
0.465000;0.887407;0.336878
0.470000;0.890940;0.344480
0.475000;0.894273;0.352112
0.480000;0.897416;0.359772
0.485000;0.900379;0.367458
0.490000;0.903170;0.375168
0.495000;0.905799;0.382901
0.500000;0.908274;0.390657
0.505000;0.910603;0.398432
0.510000;0.912795;0.406228
0.515000;0.914856;0.414041
0.520000;0.916794;0.421871
0.525000;0.918616;0.429718
0.530000;0.920328;0.437579
0.535000;0.921937;0.445455
0.540000;0.923448;0.453344
0.545000;0.924868;0.461246
0.550000;0.926200;0.469159
0.555000;0.927451;0.477084
0.560000;0.928625;0.485018
0.565000;0.929727;0.492963
0.570000;0.930761;0.500916
0.575000;0.931732;0.508879
0.580000;0.932642;0.516849
0.585000;0.933495;0.524827
0.590000;0.934296;0.532811
0.595000;0.935046;0.540803
0.600000;0.935750;0.548801
0.605000;0.936410;0.556804
0.610000;0.937029;0.564813
0.615000;0.937609;0.572827
0.620000;0.938152;0.580846
0.625000;0.938662;0.588870
0.630000;0.939139;0.596897
0.635000;0.939586;0.604929
0.640000;0.940006;0.612964
0.645000;0.940398;0.621003
0.650000;0.940766;0.629045
0.655000;0.941111;0.637090
0.660000;0.941434;0.645138
0.665000;0.941737;0.653188
0.670000;0.942020;0.661241
0.675000;0.942286;0.669297
0.680000;0.942535;0.677354
0.685000;0.942767;0.685414
0.690000;0.942986;0.693476
0.695000;0.943190;0.701539
0.700000;0.943381;0.709604
0.705000;0.943561;0.717671
0.710000;0.943729;0.725739
0.715000;0.943886;0.733809
0.720000;0.944033;0.741879
0.725000;0.944171;0.749952
0.730000;0.944300;0.758025
0.735000;0.944421;0.766099
0.740000;0.944534;0.774174
0.745000;0.944640;0.782251
0.750000;0.944739;0.790328
0.755000;0.944832;0.798406
0.760000;0.944919;0.806484
0.765000;0.945001;0.814564
0.770000;0.945077;0.822644
0.775000;0.945149;0.830724
0.780000;0.945216;0.838806
0.785000;0.945278;0.846888
0.790000;0.945337;0.854970
0.795000;0.945392;0.863053
0.800000;0.945443;0.871136
0.805000;0.945491;0.879220
0.810000;0.945536;0.887304
0.815000;0.945579;0.895389
0.820000;0.945618;0.903474
0.825000;0.945655;0.911559
0.830000;0.945690;0.919644
0.835000;0.945722;0.927730
0.840000;0.945753;0.935816
0.845000;0.945781;0.943902
0.850000;0.945808;0.951989
0.855000;0.945832;0.960076
0.860000;0.945856;0.968163
0.865000;0.945878;0.976250
0.870000;0.945898;0.984337
0.875000;0.945917;0.992425
0.880000;0.945935;1.000512
0.885000;0.945952;1.008600
0.890000;0.945968;1.016688
0.895000;0.945982;1.024776
0.900000;0.945996;1.032864
0.905000;0.946009;1.040953
0.910000;0.946021;1.049041
0.915000;0.946032;1.057130
0.920000;0.946043;1.065218
0.925000;0.946053;1.073307
0.930000;0.946062;1.081396
0.935000;0.946071;1.089485
0.940000;0.946079;1.097574
0.945000;0.946086;1.105663
0.950000;0.946094;1.113752
0.955000;0.946100;1.121841
0.960000;0.946106;1.129930
0.965000;0.946112;1.138019
0.970000;0.946118;1.146108
0.975000;0.946123;1.154198
0.980000;0.946128;1.162287
0.985000;0.946132;1.170377
0.990000;0.946136;1.178466
0.995000;0.946140;1.186556
1.000000;0.946144;1.194645
