Tempo|G (Constantes Padrão)|F (Constantes Padrão)|G (Simulação 2)|F (Simulação 2)|G (Simulação 3)|F (Simulação 3)
0.000000|0.030000|0.000000|0.030000|0.000000|0.030000|0.000000
0.025000|0.041115|0.001508|0.039629|0.011247|0.040533|0.045558
0.050000|0.056095|0.003570|0.051991|0.026054|0.053859|0.106597
0.075000|0.076071|0.006375|0.067618|0.045395|0.070100|0.186860
0.100000|0.102337|0.010164|0.086987|0.070411|0.089017|0.290024
0.125000|0.136242|0.015234|0.110419|0.102377|0.109919|0.419170
0.150000|0.178978|0.021938|0.137947|0.142628|0.131713|0.576203
0.175000|0.231263|0.030673|0.169196|0.192447|0.153106|0.761450
0.200000|0.292940|0.041845|0.203317|0.252919|0.172895|0.973579
0.225000|0.362647|0.055834|0.239028|0.324777|0.190219|1.209902
0.250000|0.437716|0.072929|0.274781|0.408291|0.204672|1.466901
0.275000|0.514472|0.093283|0.309024|0.503220|0.216250|1.740803
0.300000|0.588899|0.116883|0.340454|0.608850|0.225229|2.028027
0.325000|0.657447|0.143550|0.368197|0.724114|0.232017|2.325452
0.350000|0.717652|0.172975|0.391853|0.847735|0.237052|2.630517
0.375000|0.768364|0.204773|0.411435|0.978377|0.240734|2.941206
0.400000|0.809596|0.238535|0.427252|1.114760|0.243398|3.255987
0.425000|0.842167|0.273870|0.439777|1.255735|0.245311|3.573718
0.450000|0.867315|0.310435|0.449540|1.400318|0.246677|3.893560
0.475000|0.886393|0.347940|0.457057|1.547694|0.247649|4.214909
0.500000|0.900671|0.386153|0.462790|1.697213|0.248338|4.537326
0.525000|0.911251|0.424895|0.467131|1.848358|0.248827|4.860502
0.550000|0.919032|0.464026|0.470399|2.000732|0.249172|5.184215
0.575000|0.924723|0.503443|0.472850|2.154030|0.249416|5.508306
0.600000|0.928868|0.543068|0.474683|2.308019|0.249588|5.832665
0.625000|0.931879|0.582845|0.476049|2.462523|0.249710|6.157214
0.650000|0.934062|0.622732|0.477067|2.617413|0.249795|6.481895
0.675000|0.935641|0.662699|0.477824|2.772589|0.249856|6.806670
0.700000|0.936782|0.702723|0.478386|2.927978|0.249898|7.131512
0.725000|0.937607|0.742789|0.478803|3.083524|0.249928|7.456401
0.750000|0.938202|0.782885|0.479113|3.239188|0.249949|7.781322
0.775000|0.938632|0.823003|0.479342|3.394939|0.249964|8.106267
0.800000|0.938941|0.863136|0.479513|3.550754|0.249975|8.431228
0.825000|0.939165|0.903281|0.479639|3.706617|0.249982|8.756200
0.850000|0.939326|0.943434|0.479732|3.862516|0.249988|9.081181
0.875000|0.939442|0.983593|0.479802|4.018441|0.249991|9.406167
0.900000|0.939526|1.023756|0.479853|4.174385|0.249994|9.731157
0.925000|0.939586|1.063922|0.479891|4.330344|0.249996|10.056151
0.950000|0.939629|1.104090|0.479919|4.486313|0.249997|10.381146
0.975000|0.939661|1.144260|0.479940|4.642291|0.249998|10.706142
1.000000|0.939683|1.184431|0.479956|4.798274|0.249998|11.031140
