Tempo;G;F
0.000000;0.030000;0.000000
0.010000;0.034077;0.000547
0.020000;0.038686;0.001168
0.030000;0.043887;0.001874
0.040000;0.049750;0.002673
0.050000;0.056346;0.003579
0.060000;0.063756;0.004605
0.070000;0.072060;0.005765
0.080000;0.081347;0.007075
0.090000;0.091705;0.008553
0.100000;0.103224;0.010218
0.110000;0.115994;0.012090
0.120000;0.130099;0.014192
0.130000;0.145619;0.016548
0.140000;0.162622;0.019181
0.150000;0.181161;0.022118
0.160000;0.201270;0.025386
0.170000;0.222961;0.029011
0.180000;0.246217;0.033020
0.190000;0.270990;0.037440
0.200000;0.297197;0.042296
0.210000;0.324720;0.047612
0.220000;0.353403;0.053408
0.230000;0.383059;0.059704
0.240000;0.413467;0.066513
0.250000;0.444384;0.073847
0.260000;0.475550;0.081712
0.270000;0.506694;0.090111
0.280000;0.537549;0.099040
0.290000;0.567854;0.108492
0.300000;0.597371;0.118456
0.310000;0.625884;0.128916
0.320000;0.653209;0.139854
0.330000;0.679197;0.151248
0.340000;0.703737;0.163074
0.350000;0.726749;0.175307
0.360000;0.748192;0.187920
0.370000;0.768053;0.200886
0.380000;0.786348;0.214179
0.390000;0.803113;0.227771
0.400000;0.818407;0.241637
0.410000;0.832297;0.255752
0.420000;0.844865;0.270094
0.430000;0.856195;0.284640
0.440000;0.866379;0.299369
0.450000;0.875505;0.314264
0.460000;0.883664;0.329306
0.470000;0.890940;0.344480
0.480000;0.897416;0.359772
0.490000;0.903170;0.375168
0.500000;0.908274;0.390656
0.510000;0.912795;0.406227
0.520000;0.916794;0.421871
0.530000;0.920328;0.437579
0.540000;0.923448;0.453344
0.550000;0.926200;0.469159
0.560000;0.928625;0.485018
0.570000;0.930761;0.500916
0.580000;0.932641;0.516848
0.590000;0.934296;0.532811
0.600000;0.935750;0.548800
0.610000;0.937029;0.564813
0.620000;0.938152;0.580846
0.630000;0.939139;0.596897
0.640000;0.940006;0.612964
0.650000;0.940766;0.629044
0.660000;0.941434;0.645137
0.670000;0.942020;0.661241
0.680000;0.942534;0.677354
0.690000;0.942986;0.693475
0.700000;0.943381;0.709604
0.710000;0.943729;0.725739
0.720000;0.944033;0.741879
0.730000;0.944300;0.758024
0.740000;0.944534;0.774174
0.750000;0.944739;0.790327
0.760000;0.944919;0.806484
0.770000;0.945077;0.822643
0.780000;0.945216;0.838805
0.790000;0.945337;0.854970
0.800000;0.945443;0.871136
0.810000;0.945536;0.887304
0.820000;0.945618;0.903473
0.830000;0.945690;0.919644
0.840000;0.945752;0.935816
0.850000;0.945808;0.951989
0.860000;0.945856;0.968162
0.870000;0.945898;0.984337
0.880000;0.945935;1.000512
0.890000;0.945968;1.016688
0.900000;0.945996;1.032864
0.910000;0.946021;1.049041
0.920000;0.946043;1.065218
0.930000;0.946062;1.081395
0.940000;0.946079;1.097573
0.950000;0.946094;1.113751
0.960000;0.946106;1.129930
0.970000;0.946118;1.146108
0.980000;0.946128;1.162287
0.990000;0.946136;1.178466
1.000000;0.946144;1.194645
