Tempo|G (Constantes Padrão)|F (Constantes Padrão)|G (Simulação 2)|F (Simulação 2)|G (Simulação 3)|F (Simulação 3)
0.000000|0.030000|0.000000|0.030000|0.000000|0.030000|0.000000
0.050000|0.056072|0.003567|0.048418|0.001925|0.061268|0.004384
0.100000|0.102262|0.010154|0.077153|0.005012|0.120803|0.013182
0.150000|0.178816|0.021916|0.120555|0.009883|0.223475|0.029983
0.200000|0.292676|0.041805|0.183006|0.017385|0.373551|0.059491
0.250000|0.437388|0.072864|0.266864|0.028543|0.547213|0.105512
0.300000|0.588576|0.116790|0.369593|0.044390|0.701198|0.168259
0.350000|0.717375|0.172858|0.482181|0.065669|0.808648|0.244177
0.400000|0.809359|0.238402|0.591464|0.092552|0.871757|0.328529
0.450000|0.867117|0.310291|0.685727|0.124562|0.905167|0.417576
0.500000|0.900516|0.386002|0.759102|0.160774|0.921895|0.509036
0.550000|0.918920|0.463868|0.811787|0.200128|0.930038|0.601687
0.600000|0.928792|0.542905|0.847465|0.241672|0.933947|0.694912
0.650000|0.934013|0.622565|0.870678|0.284670|0.935812|0.788413
0.700000|0.936752|0.702554|0.885391|0.328601|0.936699|0.882044
0.750000|0.938184|0.782714|0.894562|0.373119|0.937120|0.975738
0.800000|0.938930|0.862965|0.900220|0.418000|0.937320|1.069462
0.850000|0.939319|0.943262|0.903687|0.463105|0.937415|1.163199
0.900000|0.939522|1.023583|0.905805|0.508347|0.937459|1.256943
0.950000|0.939627|1.103917|0.907094|0.553672|0.937481|1.350690
1.000000|0.939682|1.184258|0.907878|0.599048|0.937491|1.444439
