Tempo|G (Constantes Padrão)|F (Constantes Padrão)|G (Simulação 2)|F (Simulação 2)|G (Simulação 3)|F (Simulação 3)
0.000000|0.030000|0.000000|0.030000|0.000000|0.030000|0.000000
0.012500|0.035138|0.000695|0.033846|0.000399|0.035950|0.000822
0.025000|0.041116|0.001508|0.038163|0.000848|0.043023|0.001807
0.037500|0.048057|0.002459|0.043004|0.001355|0.051409|0.002984
0.050000|0.056097|0.003570|0.048425|0.001926|0.061318|0.004390
0.062500|0.065384|0.004866|0.054486|0.002568|0.072979|0.006065
0.075000|0.076075|0.006376|0.061252|0.003291|0.086639|0.008056
0.087500|0.088338|0.008130|0.068791|0.004103|0.102552|0.010415
0.100000|0.102343|0.010164|0.077172|0.005014|0.120972|0.013204
0.112500|0.118261|0.012519|0.086470|0.006036|0.142137|0.016487
0.125000|0.136251|0.015235|0.096758|0.007180|0.166252|0.020335
0.137500|0.156456|0.018359|0.108110|0.008459|0.193462|0.024825
0.150000|0.178991|0.021940|0.120595|0.009887|0.223834|0.030035
0.162500|0.203926|0.026028|0.134280|0.011479|0.257325|0.036043
0.175000|0.231279|0.030675|0.149224|0.013250|0.293765|0.042926
0.187500|0.261000|0.035932|0.165477|0.015215|0.332839|0.050753
0.200000|0.292960|0.041849|0.183072|0.017392|0.374090|0.059586
0.212500|0.326949|0.048471|0.202031|0.019798|0.416929|0.069471
0.225000|0.362670|0.055838|0.222352|0.022449|0.460663|0.080440
0.237500|0.399748|0.063984|0.244011|0.025362|0.504537|0.092505
0.250000|0.437742|0.072934|0.266960|0.028554|0.547790|0.105662
0.262500|0.476162|0.082701|0.291122|0.032041|0.589701|0.119884
0.275000|0.514498|0.093289|0.316394|0.035837|0.629637|0.135130
0.287500|0.552244|0.104692|0.342644|0.039955|0.667091|0.151345
0.300000|0.588924|0.116890|0.369712|0.044406|0.701694|0.168461
0.312500|0.624116|0.129857|0.397419|0.049200|0.733225|0.186404
0.325000|0.657470|0.143558|0.425564|0.054344|0.761597|0.205096
0.337500|0.688717|0.157949|0.453933|0.059840|0.786838|0.224458
0.350000|0.717673|0.172984|0.482308|0.065692|0.809068|0.244413
0.362500|0.744237|0.188613|0.510467|0.071897|0.828473|0.264888
0.375000|0.768383|0.204783|0.538196|0.078452|0.845279|0.285815
0.387500|0.790145|0.221444|0.565296|0.085350|0.859739|0.307132
0.400000|0.809612|0.238545|0.591584|0.092581|0.872106|0.328784
0.412500|0.826908|0.256040|0.616901|0.100135|0.882632|0.350722
0.425000|0.842181|0.273881|0.641114|0.107999|0.891553|0.372902
0.437500|0.855598|0.292030|0.664117|0.116158|0.899087|0.395288
0.450000|0.867328|0.310446|0.685833|0.124596|0.905430|0.417847
0.462500|0.877542|0.329097|0.706212|0.133298|0.910756|0.440551
0.475000|0.886404|0.347951|0.725229|0.142246|0.915220|0.463377
0.487500|0.894069|0.366982|0.742884|0.151423|0.918954|0.486306
0.500000|0.900681|0.386165|0.759194|0.160813|0.922072|0.509320
0.512500|0.906371|0.405480|0.774193|0.170398|0.924674|0.532405
0.525000|0.911259|0.424907|0.787932|0.180162|0.926842|0.555550
0.537500|0.915450|0.444431|0.800467|0.190091|0.928647|0.578744
0.550000|0.919038|0.464038|0.811866|0.200169|0.930149|0.601980
0.562500|0.922107|0.483716|0.822198|0.210383|0.931397|0.625250
0.575000|0.924728|0.503455|0.831537|0.220720|0.932435|0.648548
0.587500|0.926965|0.523246|0.839957|0.231168|0.933297|0.671870
0.600000|0.928872|0.543081|0.847530|0.241715|0.934013|0.695212
0.612500|0.930498|0.562953|0.854328|0.252353|0.934607|0.718570
0.625000|0.931882|0.582858|0.860418|0.263071|0.935101|0.741941
0.637500|0.933061|0.602790|0.865866|0.273860|0.935510|0.765324
0.650000|0.934064|0.622745|0.870730|0.284715|0.935850|0.788716
0.662500|0.934917|0.642720|0.875069|0.295627|0.936131|0.812116
0.675000|0.935643|0.662712|0.878934|0.306590|0.936365|0.835522
0.687500|0.936260|0.682718|0.882374|0.317598|0.936559|0.858934
0.700000|0.936784|0.702736|0.885431|0.328647|0.936720|0.882350
0.712500|0.937230|0.722765|0.888147|0.339732|0.936853|0.905770
0.725000|0.937608|0.742802|0.890558|0.350850|0.936964|0.929192
0.737500|0.937930|0.762847|0.892696|0.361995|0.937055|0.952618
0.750000|0.938203|0.782898|0.894592|0.373166|0.937131|0.976045
0.762500|0.938435|0.802955|0.896272|0.384359|0.937194|0.999474
0.775000|0.938632|0.823016|0.897759|0.395572|0.937247|1.022905
0.787500|0.938800|0.843081|0.899076|0.406802|0.937290|1.046336
0.800000|0.938942|0.863150|0.900241|0.418048|0.937326|1.069769
0.812500|0.939063|0.883221|0.901272|0.429308|0.937356|1.093203
0.825000|0.939165|0.903294|0.902184|0.440580|0.937380|1.116637
0.837500|0.939252|0.923370|0.902990|0.451862|0.937401|1.140072
0.850000|0.939326|0.943447|0.903703|0.463154|0.937418|1.163507
0.862500|0.939389|0.963526|0.904333|0.474454|0.937432|1.186942
0.875000|0.939442|0.983606|0.904889|0.485762|0.937443|1.210378
0.887500|0.939487|1.003687|0.905381|0.497076|0.937453|1.233815
0.900000|0.939526|1.023769|0.905815|0.508396|0.937461|1.257251
0.912500|0.939558|1.043852|0.906199|0.519721|0.937468|1.280688
0.925000|0.939586|1.063935|0.906538|0.531051|0.937473|1.304124
0.937500|0.939610|1.084019|0.906837|0.542385|0.937478|1.327561
0.950000|0.939630|1.104104|0.907101|0.553722|0.937482|1.350998
0.962500|0.939646|1.124188|0.907335|0.565062|0.937485|1.374435
0.975000|0.939661|1.144273|0.907541|0.576405|0.937487|1.397873
0.987500|0.939673|1.164359|0.907723|0.587751|0.937490|1.421310
1.000000|0.939683|1.184444|0.907883|0.599098|0.937491|1.444747
