Tempo|G (Constantes Padrão)|F (Constantes Padrão)|G (Simulação 2)|F (Simulação 2)|G (Simulação 3)|F (Simulação 3)
0.000000|0.030000|0.000000|0.030000|0.000000|0.030000|0.000000
0.025000|0.041115|0.001508|0.038163|0.000848|0.043022|0.001807
0.050000|0.056095|0.003570|0.048424|0.001926|0.061314|0.004389
0.075000|0.076071|0.006375|0.061251|0.003291|0.086631|0.008055
0.100000|0.102337|0.010164|0.077171|0.005014|0.120959|0.013202
0.125000|0.136242|0.015234|0.096756|0.007180|0.166232|0.020333
0.150000|0.178978|0.021938|0.120592|0.009887|0.223807|0.030031
0.175000|0.231263|0.030673|0.149221|0.013249|0.293730|0.042920
0.200000|0.292940|0.041845|0.183068|0.017392|0.374051|0.059579
0.225000|0.362647|0.055834|0.222346|0.022448|0.460620|0.080430
0.250000|0.437716|0.072929|0.266953|0.028553|0.547748|0.105650
0.275000|0.514472|0.093283|0.316387|0.035836|0.629598|0.135117
0.300000|0.588899|0.116883|0.369704|0.044405|0.701659|0.168446
0.325000|0.657447|0.143550|0.425555|0.054342|0.761566|0.205079
0.350000|0.717652|0.172975|0.482299|0.065690|0.809041|0.244395
0.375000|0.768364|0.204773|0.538188|0.078450|0.845255|0.285796
0.400000|0.809596|0.238535|0.591576|0.092579|0.872085|0.328765
0.425000|0.842167|0.273870|0.641106|0.107997|0.891536|0.372882
0.450000|0.867315|0.310435|0.685826|0.124594|0.905415|0.417826
0.475000|0.886393|0.347940|0.725223|0.142244|0.915208|0.463356
0.500000|0.900671|0.386153|0.759188|0.160810|0.922063|0.509299
0.525000|0.911251|0.424895|0.787926|0.180159|0.926835|0.555529
0.550000|0.919032|0.464026|0.811861|0.200166|0.930143|0.601958
0.575000|0.924723|0.503443|0.831533|0.220717|0.932431|0.648526
0.600000|0.928868|0.543068|0.847526|0.241712|0.934010|0.695190
0.625000|0.931879|0.582845|0.860415|0.263067|0.935098|0.741919
0.650000|0.934062|0.622732|0.870727|0.284712|0.935848|0.788694
0.675000|0.935641|0.662699|0.878932|0.306586|0.936364|0.835500
0.700000|0.936782|0.702723|0.885429|0.328644|0.936719|0.882328
0.725000|0.937607|0.742789|0.890556|0.350846|0.936963|0.929170
0.750000|0.938202|0.782885|0.894590|0.373163|0.937131|0.976023
0.775000|0.938632|0.823003|0.897758|0.395569|0.937246|1.022882
0.800000|0.938941|0.863136|0.900240|0.418045|0.937326|1.069747
0.825000|0.939165|0.903281|0.902183|0.440576|0.937380|1.116614
0.850000|0.939326|0.943434|0.903702|0.463151|0.937418|1.163484
0.875000|0.939442|0.983593|0.904888|0.485759|0.937443|1.210356
0.900000|0.939526|1.023756|0.905815|0.508393|0.937461|1.257229
0.925000|0.939586|1.063922|0.906537|0.531048|0.937473|1.304102
0.950000|0.939629|1.104090|0.907101|0.553718|0.937482|1.350976
0.975000|0.939661|1.144260|0.907540|0.576402|0.937487|1.397850
1.000000|0.939683|1.184431|0.907883|0.599095|0.937491|1.444724
